                                                              Januar 2017
                                                Rebiu-l-Ahir / Džumade-l-Ula 1438.
                DAN




                                                                              Izlazak sunca
 Po kalendaru



                             Po takwimu
                U sedmici




                                           Blagdani i drugi




                                                                                                         Ikindija
                                                                                                Podne




                                                                                                                     Akšam


                                                                                                                               Jacija
                                                                   Zora
                                            astronomski
                                              praznici



 1.             Ne          3.            Rebiu-l-ahir 1438.      5 56    7           44      12 00     13 55       16 14    17 56
 2.             Po           4.                                     56                44         00        56          14       56
 3.             Ut           5.                                     56                44         00        57          15       57
 4.             Sr           6.                                     56                43         01        58          16       58
 5.             Če           7.                                     56                43         01        59          18       59
 6.             Pe           8.                   Džuma           5 55    7           43      12 02     13 59       16 19    18 00
 7.             Su           9.                                     55                43         02     14 00          20       01
 8.             Ne          10.                                     55                42         03        01          21       02
 9.             Po          11.                                     55                42         03        03          22       03
 10             Ut          12.                                     55                41         03        04          23       04
  .
 11             Sr          13.                                     54                41         04        05          25       05
  .
 12             Če          14.                                     54                40         04        06          26       06
  .
 13             Pe          15.                   Džuma           5 54    7           40      12 04     14 07       16 27    18 07
  .
 14             Su          16.                                     53                39         05        08          29       09
15.             Ne          17.                                     53                38         05        09          30       10
.16             Po          18.                                     52                38         05        10          31       11
  .
 17             Ut          19.                                     52                37         06        12          33       12
  .
 18             Sr          20.                                     51                36         06        13          34       13
  .
 19             Če          21.                                     50                35         06        14          36       15
  .
 20             Pe          22.                   Džuma           5 50    7           34      12 07     14 15       16 37    18 16
  .
 21             Su          23.                                     49                34         07        17          38       17
22.             Ne          24.                                     48                33         07        18          40       18
.23             Po          25.                                     48                32         07        19          42       20
  .
 24             Ut          26.                                     47                31         08        20          43       21
  .
 25             Sr          27.                                     46                29         08        22          45       22
  .
 26             Če          28.                                     45                28         08        23          46       23
  .
 27             Pe          29.                   Džuma           5 44    7           27      12 08     14 24       16 48    18 25
  .
 28             Su          30.                                     43                26         09        25          49       26
29.             Ne          1.            Džumade-l-ula 1438.       42                25         09        27          51       27
.30             Po          2.                                      41                24         09        28          52       29
  .
 31             Ut          3.                                      40                22         09        29          54       30
  .
                                                     Februar 2017
                                        Džumade-l-Ula / Džumade-l-Uhra 1438.
               DAN




                                                                     Izlazak sunca
Po kalendaru


                           Po takwimu
               U sedmici




                                                                                               Ikindija
                                                                                      Podne




                                                                                                           Akšam


                                                                                                                    Jacija
                                                             Zora
                                         Blagdani i drugi
                                          astronomski
                                             podaci

 1.              Sr         4.          Džumade-l-ula       5 39    7 21             12 09    14 31       16 56    18 32
 2.              Če         5.                  1438.         38      20                09       32          57       33
 3.              Pe         6.               Džuma          5 37    7 18             12 09    14 33       16 59    18 34
 4.              Su         7.                                36      17                10       35       17 00       36
 5.              Ne         8.                                34      15                10       36          02       37
 6.              Po         9.                                33      14                10       37          04       39
 7.              Ut        10.                                32      12                10       39          05       40
 8.              Sr        11.                                31      11                10       40          07       41
 9.              Če        12.                                29      09                10       41          09       43
10.              Pe        13.               Džuma          5 28    7 08             12 10    14 43       17 10    18 44
11.              Su        14.                                27      06                10       44          12       46
12.              Ne        15.                                25      05                10       45           13      47
13.              Po        16.                                24      03                10       46           15      49
14.              Ut         1 7.                              22      01                10       48          17       50
15.              Sr        18.                                21      00                10       49          18       52
16.              Če        19.                                19    6 58                10       50          20       53
1 7.             Pe        20.               Džuma          5 18    6 56             12 10    14 51       17 22    18 54
18.              Su        21.                                16      55                10       53          23       56
19.              Ne        22.                                14      53                10       54          25       57
20.              Po        23.                                13      51                09       55          26       59
21.              Ut        24.                                11      49                09       56          28    19 00
22.              Sr        25.                                09      47                09       57          30       02
23.              Če        26.                                08      46                09       59          31       03
24.              Pe        27.               Džuma          5 06    6 44             12 09    15 00       17 33    19 05
25.              Su        28.                                04      42                09       01          34       06
26.              Ne        29.                                02      40                09       02          36       08
27.              Po        30.                                01      38                09       03          37       09
28.              Ut         1.          Džumade-l-uhra      4 59      36                09       04          39       11
                                                 1438.
                                                       Mart 2017
                                             Džumade-l-Uhra / Redžeb 1438.
               DAN




                                                                      Izlazak sunca
Po kalendaru


                           Po takwimu




                                                                                                   Ikindija
                                                                                           Podne
               U sedmici




                                                                                                               Akšam


                                                                                                                        Jacija
                                                              Zora
                                          Blagdani i drugi
                                        astronomski podaci

 1.            Sr          2.           Džumade-1-uhra       4 55    6 32             12 08 15          07    17 42    19 14
 2.            Če           3.              1438.              53      30                08             08       44       15
 3.            Pe           4.              Džuma            4 51    6 27             12 08 15          09    17 45    19 17
 4.            Su           5.                                 49      27                08             10       47       18
 5.            Ne           6.                                 47      25                07             11       48       20
 6.            Po           7.                                 45      23                07             12       50       21
 7.            Ut           8.                                 43      21                07             13       51       23
 8.            Sr           9.                                 41      19                07             14       53       24
 9.            Če          10.                                 39      17                06             15       54       26
10.            Pe          11 .              Džuma           4 37    6 14             12 06 15          16    17 56    19 27
11 .           Su          12.                                 35      12                06             17       57       29
12.            Ne          13.                                 33      10                06             18       59       30
13.            Po          14.                                 31      08                05             19    18 00       32
14.            Ut          15.                                 29      06                05             20       02       33
15.            Sr          16.                                 27      04                05             20       03       35
16.            Če          17.                                 25      02                04             21       05       36
17.            Pe          18.               Džuma           4 23    6 00             12 04 15          22    18 06    19 38
18.            Su          19.                                 20    5 58                04             23       08       40
19.            Ne          20.                                 18      56                03             24       09       41
20.            Po          21.                                 16      54                03             25       11       43
21.            Ut          22.                                 14      52                03             26       12       44
22.            Sr          23.                                 11      50                03             26       14       46
23.            Če          24.                                 09      48                02             27       15       47
24.            Pe          25.               Džuma           4 08    5 46             12 02 15          28    18 16    19 49
25.            Su          26.                                 05      43                02             29       18       51
26.            Ne          27.                               5 02    6 41             13 01 16          30    19 19    20 52
27.            Po          28.                                 00      39                01             30       21       54
28.            Ut          29.                               4 58      37                01             31       22       55
29.            Sr           1.           Redžeb 1438.          56      35                00             32       24       57
30.            Če           2.                h.g.
                                        Lejletu-Regaib         53      33                00             33       25       59
31.            Pe           3.               Džuma           4 51    6 31             13 00 16          33    19 27    21 00
                                                       April 2017
                                                  Redžeb / Ša‘ban 1438.
               DAN




                                                                    Izlazak sunca
Po kalendaru


                           Po takwimu
               U sedmici




                                                                                              Ikindija
                                                                                     Podne




                                                                                                          Akšam


                                                                                                                   Jacija
                                                            Zora
                                        Blagdani i drugi
                                         astronomski
                                            podaci

 1.            Su          4.              Redžeb          4 49    6 29             12 59    16 34       19 28    21 02
 2.            Ne           5.           1438. h.g.          46      27                59       35          29       04
 3.            Po           6.                               44      25                59       35          31       05
 4.            Ut           7.                               42      23                58       36          32       07
 5.            Sr          8.                                39      21                58       37          34       09
 6.            Če          9.                                37      19                58       38          35       11
 7.            Pe          10.              Džuma          4 35    6 17             12 58    16 38       19 37    21 12
 8.            Su          11 .                              32      13                57       39          38       14
 9.            Ne          12.                               30      11                57       40          39       16
10.            Po          13.                               27      09                57       40          41       18
11.            Ut          14.                               25      07                56       41          42       19
12.            Sr          15.                               23      05                56       41          44       21
13.            Če          16.                               20      03                56       42          45       23
14.            Pe          17.              Džuma          4 18    6 01             12 56    16 43       19 47    21 25
15.            Su          18.                               16    5 59                55       43          48       27
16.            Ne          19.                               13      57                55       44          50       28
1 7.           Po          20.                               11      55                55       45          51       30
18.            Ut          21 .                              09      54                55       45          52       32
19.            Sr          22.                               06      53                54       46          54       34
20.            Če          23.                               04      51                54       46          55       36
21 .           Pe          24.              Džuma          4 01    5 50             12 54    16 47       19 57    21 38
22.            Su          25.                             3 59      48                54       47          58       40
23.            Ne          26.             Mi'radŽ           57      44                54       48       20 00       42
24.            Po          27.                               54      46                53       49          01       43
25.            Ut          28.                               52      42                53       49          03       45
26.            Sr          29.                               50      41                53       50          04       47
27.            Če           1.             Ša'ban            47      39                53       50          05       49
28.            Pe           2.             1438.
                                           Džuma           3 45    5 37             12 53    16 51       20 07    21 51
29.            Su           3.                               43      35                53       51          08       53
30.            Ne          4.                                41      34                53       52          10       55
                                                      Maj 2017
                                               Ša‘ban / Ramazan 1438.
               DAN




                                                                    Izlazak sunca
Po kalendaru


                           Po takwimu
               U sedmici




                                                                                              Ikindija
                                                                                     Podne




                                                                                                          Akšam


                                                                                                                   Jacija
                                                            Zora
                                         Blagdani i
                                            drugi
                                        astronomski
                                           podaci
 1. Po                     5.            Ša'ban         3 38       5 32             12 53    16 53       20 11    21 57
 2. Ut                      6.           1438.            36         30                52       53          13       59
 3. Sr                     7.                             34         29                52       54          14    22 01
 4. Če                     8.                             32         27                52       54          15       03
 5. Pe                     9.             Džuma         3 29       5 26             12 52    16 55       20 17    22 05
 6. Su                     10.                            27         24                52       55          18       07
 7. Ne                     11.                            25         23                52       56          20       09
 8. Po                     12.                            23         21                52       56          21       11
 9. Ut                     13.                            21         20                52       57          22       13
10. Sr                     14.            Berat           19         18                52       57          24       15
11. Če                     15.                            16         17                52       58          25       17
12. Pe                     16.            Džuma         3 14       5 16             12 52    16 58       20 27    22 19
13. Su                     1 7.                           12         14                52       59          28       21
14. Ne                     18.                            10         13                52       59          29       23
15. Po                     19.                            08         12                52    17 00          31       25
16. Ut                     20.                            06         11                52       00          32       27
1 7. Sr                    21.                            04         09                52       01          33       29
18. Če                     22.                            02         08                52       01          34       31
19. Pe                     23.            Džuma         3 01       5 07             12 52    17 02       20 36    22 33
20. Su                     24.                          2 59         06                52       02          37       35
21. Ne                     25.                            57         05                52       03          38       37
22. Po                     26.                            55         04                53       03          39       38
23. Ut                     27.                            53         03                53       04          41       40
24. Sr                     28.                            52         02                53       04          42       42
25. Če                     29.                            50         01                53       05          43       44
26. Pe                     30.            Džuma         2 48       5 00             12 53    17 05       20 44    22 45
27. Su                      1.           Ramazan          47         00                53       06          45       45
28. Ne                      2.            1438.           45       4 59                53       06          46       45
29. Po                      3.                            44         58                53       06          47       45
30. Ut                      4.                            42         57                54       07          48       45
31. Sr                      5.                            41         57                54       07          49       45
                                                        Juni 2017
                                                  Ramazan / Ševval 1438.
               DAN




                                                                      Izlazak sunca
Po kalendaru


                           Po takwimu
               U sedmici




                                                                                               Ikindija
                                                                                       Podne




                                                                                                           Akšam


                                                                                                                   Jacija
                                                              Zora
                                          Blagdani i drugi
                                        astronomski podaci

 1.            Če           6.    Ramazan 1438.              2 40 4            56     12 54 17      08    20 50 22 45
 2.            Pe           7.        Džuma                  2 38 4            55     12 54 17      08    20 51 22 45
 3.            Su           8.                                 37              55        54         08       52    45
 4.            Ne           9.                                 36              54        54         09       53    45
 5.            Po          10.                                 35              54        55         09       54    45
 6.            Ut          11 .                                34              53        55         10       54    45
 7.            Sr          12.                                 33              53        55         10       55    45
 8.            Če          13.                                 32              53        55         10       56    45
 9.            Pe          14.        Džuma                  2 31 4            52     12 55 17      11    20 57 22 45
10.            Su          15.                                 31              52        56         11       57    45
11.            Ne          16.   Lejletu-l-Bedr                30              52        56         11       58    45
12.            Po          17.                                 30              52        56         12       58    45
13.            Ut          18.                                 29              52        56         12       59    45
14.            Sr          19.                                 29              52        56         12       59     45
15.            Če          20. Ulazak u i'tikaf                28              52        57         12    21 00     45
16.            Pe          21.        Džuma                  2 28 4            52     12 57 17      13    21 00 22 45
1 7.           Su          22.                                 28              52        57         13       01     45
18.            Ne          23.                                 28              52        57         13       01     45
19.            Po          24.                                 28              52        57         13       01     45
20.            Ut          25.                                 28              52        58         14       01     45
21.            Sr          26.   Lejletu-l-Kadr                29              52        58         14       02     45
22.            Če          27.                                 29              53        58         14       02     45
23.            Pe          28.        Džuma                  2 29 4            53     12 58 17      14    21 02 22 45
24.            Su          29.                                 30              53        58         14       02     45
25.            Ne           1.   Bajram 1. dan                 30              54        59         14       02     45
.
26.            Po           2.   Bajram 2. dan                 31              54        59         15       02     45
27.            Ut           3.   Bajram 3. dan                 32              55        59         15       02     45
28.            Sr           4.                                 33              55        59         15       02     45
29.            Če           5.                                 34              56        59         15       01     45
30.            Pe           6.        DŽuma                  2 35 4            56     13 00 17      15    21 01 22 45
                                                         Juli 2017
                                                  Ševval / Zul-Ka‘de 1438.
               DAN




                                                                      Izlazak sunca
Po kalendaru


                           Po takwimu
               U sedmici




                                                                                                Ikindija
                                                                                       Podne




                                                                                                            Akšam


                                                                                                                     Jacija
                                                              Zora
                                          Blagdani i drugi
                                        astronomski podaci

 1.            Su           7.       Ševval                  2 36    4 57             13 00    17 15       21 01    22 45
 2.            Ne           8.        1438.                    37      57                00       15          01       45
 3.            Po           9.                                 38      58                00       15          00       45
 4.            Ut          10.                                 39      59                00       15          00       45
 5.            Sr          11.                                 41    5 00                00       15       20 59       45
 6.            Če          12.                                 42      00                01       15          59       45
 7.            Pe          13.        Džuma                  2 44    5 01             13 01    17 14       20 58    22 45
 8.            Su          14.                                 45      02                01       14          58       45
 9.            Ne          15.                                 47      03                01       14          57       45
10.            Po          16.                                 48      04                01       14          56       45
11.            Ut          17.                                 50      05                01       14          56       45
1 2.           Sr          18.                                 52      06                01       14          55       45
13.            Če          19.                                 53      07                01       14          54       45
14.            Pe          20.        Džuma                  2 55    5 08             13 01    17 14       20 53    22 45
15.            Su          21.                                 57      09                02       14          52       45
16.            Ne          22.                                 59      10                02       13          52       45
1 7.           Po          23.                               3 00      11                02       13          51       45
18.            Ut          24.                                 02      12                02       13          50       45
19.            Sr          25.                                 04      13                02       12          49       45
20.            Če          26.                                 06      14                02       12          48       45
21.            Pe          27.        Džuma                  3 08    5 16             13 02    17 12       20 46    22 44
22.            Su          28.                                 10      17                02       11          45       42
23.            Ne          29.                                 12      18                02       11          44       41
24.            Po           1.     Zu-l-ka'de                  14      19                02       11          43       39
25.            Ut           2. 1438.                           16      20                02       10          42       37
26.            Sr           3.                                 18      22                02       10          40       35
27.            Če          4.                                  20      23                02       09          39       33
28.            Pe           5.        Džuma                  3 22    5 24             13 02    17 09       20 38    22 31
29.            Su           6.                                 24      25                02       08          37       29
30.            Ne           7.                                 26      27                02       08          35       27
31.            Po           8.                                 28      28                02       07          34       25
                                             August 2017
                                        Zul-Ka‘de / Zul-Hidždže 1438.
               DAN




                                                                Izlazak sunca
Po kalendaru


                           Po takwimu
               U sedmici




                                                                                          Ikindija
                                                                                 Podne




                                                                                                      Akšam


                                                                                                               Jacija
 1.            Ut          9. Zu-l-ka'de1438.       3   Zora
                                                          30   5 29             13 02    17 07       20 32    22 23
 2.            Sr          10.                            32     31                02       06          31       21
 3.            Če          11.                            34     32                02       05          29       19
 4.            Pe          12.       Džuma          3     36   5 33             13 02    17 05       20 28    22 17
 5.            Su          13.                            38     35                01       04          26       15
 6.            Ne          14.                            40     36                01       03          25       13
 7.            Po          15.                            42     38                01       03          23       10
8.             Ut          16.                            44     39                01       02          22       08
 9.            Sr          17.                            46     40                01       01          20       06
10.            Če          18.                            48     42                01       00          18       04
11.            Pe          19.       Džuma          3     50   5 43             13 01    17 00       20 17    22 02
12.            Su          20.                            52     44                01    16 59          15    21 59
13.            Ne          21 .                           54     46                00       58          13       57
14.            Po          22.                            56     47                00       57          11       55
15.            Ut          23.                            58     49                00       56          10       53
16.            Sr          24.                      4     00     50                00       55          08       50
17.            Če          25.                            02     51                00       54          06       48
18.            Pe          26.       Džuma          4     04   5 53             12 59    16 53       20 04    21 46
19.            Su          27.                            06     54                59       52          02       44
20.            Ne          28.                            08     56                59       51          01       41
21.            Po          29.                            10     57                59       50       19 59       39
22.            Ut          30.                            12     58                59       49          57       37
23.            Sr           1.  Zu-l-hidždže              13   6 00                58       48          55       34
24.            Če          2. 1438.                       15     01                58       47          53       32
25.            Pe          3.        Džuma          4     17   6 03             12 58    16 46       19 51    21 30
26.            Su          4.                             19     04                58       45          49       27
27.            Ne          5.                             21     05                57       44          47       25
28.            Po          6.                             23     07                57       43          45       23
29.            Ut          7.                             24     08                57       41          43       20
30.            Sr          8.                             26     10                56       40          41       18
31.            Če          9.   Jevmu-l-Arefe             28     11                56       39          39       16
                                                   Septembar 2017
                                            Zul-Hidždže 1438 / Muharrem 1439.
               DAN




                                                                           Izlazak sunca
Po kalendaru


                           Po takwimu
               U sedmici




                                                                                                     Ikindija
                                                                                            Podne




                                                                                                                     Akšam


                                                                                                                              Jacija
                                                                Zora
                                             Blagdani i
                                                drugi
                                            astronomski
                                               podaci
 1.            Pe          10.          Kurban-bajram     1.   4 30    6          12       12 56    16 38       19      37   21 14
 2.            Su          11.              dan, Džuma
                                        Kurban-bajram     2.     31               14          55       37               35      11
 3.            Ne          12.                  dan
                                        Kurban-bajram     3.     33               15          55       36               33      09
 4.            Po          1 3.                 dan
                                        Kurban-bajram     4.     35               16          55       34               31      07
 5.            Ut          14.                  dan              36               18          54       33               29      04
 6.            Sr          15.                                   38               19          54       31               27      02
 7.            Če          16.                                   40               21          54       30               25      00
 8.            Pe          1 7.               Džuma            4 41    6          22       12 53    16 29       19      23   20 57
 9.            Su          18.                                   43               23          53       27               21      55
10.            Ne          19.                                   45               25          53       26               19      53
11.            Po          20.                                   46               26          52       25               17      50
12.            Ut          21.                                   48               27          52       23               15      48
13.            Sr          22.                                   50               29          52       22               13      46
14.            Če          23.                                   51               30          51       20               11      44
15.            Pe          24.                Džuma            4 53    6          32       12 51    16 19       19      08   20 41
16.            Su          25.                                   54               33          51       17               06      39
17.            Ne          26.                                   56               34          50       16               04      37
18.            Po          27.                                   57               36          50       15               02      34
19.            Ut          28.                                   59               37          49       13               00      32
20.            Sr          29.                                 5 00               38          49       12       18      58      30
21.            Če           1.           Muharrem 1439.          02               40          49       10               56      28
22.            Pe           2.             Nova godina
                                              Džuma            5 03    6          41       12 48    16 09       18      54   20 26
23.            Su           3.                                   05               43          48       07               52      23
24.            Ne           4.                                   06               44          48       06               49      21
25.            Po           5.                                   08               45          47       04               47      19
26.            Ut           6.                                   09               47          47       02               45      17
27.            Sr           7.                                   11               48          46       01               43      15
28.            Če           8.                                   12               49          46    15 59               41      12
29.            Pe           9.                Džuma            5 14    6          51       12 46    15 58       18      39   20 10
30.            Su          10.            Jevmu-l-ašura          15               52          45       56               37      08
                                                   Oktobar 2017
                                                Muharrem / Safer 1439.
               DAN




                                                                     Izlazak sunca
Po kalendaru


                           Po takwimu
               U sedmici




                                                                                                   Ikindija
                                                                                        Podne




                                                                                                               Akšam


                                                                                                                       Jacija
                                                          Zora
                                          Blagdani i
                                             drugi
                                         astronomski
                                            podaci
 1.            Ne          11.           Muharrem        5 16    6              54 12      45 15        55    18 35 20    06
 2.            Po          12.            1439.            18                   55         45           53       33       04
 3.            Ut          13.                             19                   56         44           52       31       02
 4.            Sr          14.                             21                   58         44           50       28       00
 5.            Če          15.                             22                   59         44           48       26 19    58
6.             Pe          16.             Džuma         5 24    7              01 12      43 15        47    18 24 19    56
7.             Su          17.                             25                   02         43           45       22       54
8.             Ne          18.                             26                   04         43           44       20       52
9.             Po          19.                             28                   05         43           42       18       50
10.            Ut          20.                             29                   06         42           41       16       48
11.            Sr          21.                             31                   08         42           39       14       46
12.            Če          22.                             32                   09         42           38       12       44
13.            Pe          23.             Džuma         5 33    7              11 12      41 15        36    18 10 19    42
14.            Su          24.                             35                   12         41           35       08       40
15.            Ne          25.                             36                   14         41           33       07       38
16.            Po          26.                             37                   15         41           32       05       37
1 7.           Ut          27.                             39                   17         41           30       03       35
18.            Sr          28.                             40                   18         40           29       01       33
19.            Če          29.                             42                   20         40           27    17 59       31
20.            Pe          30.             Džuma         5 43    7              21 12      40 15        26    17 57 19    30
21.            Su           1.          Safer 1439.        44                   23         40           24       55       28
22.            Ne           2.                             46                   24         40           23       53       26
23.            Po           3.                             47                   26         40           21       52       25
24.            Ut           4.                             48                   27         39           20       50       23
25.            Sr           5.                             50                   29         39           19       48       21
26.            Če           6.                             51                   30         39           17       46       20
27.            Pe           7.             Džuma         5 53    7              32 12      39 15        16    17 45 19    18
28.            Su           8.                             54                   33         39           15       43       17
29.            Ne           9.                           4 55    6              35 11      39 14        13    16 41 18    15
30.            Po          10.                             57                   37         39           12       40       14
31.            Ut          11 .                            58                   38         39           11       38       12
                                               Novembar 2017
                                              Safer / Rebiul - Evvel 1439.
               DAN




                                                                   Izlazak sunca
Po kalendaru


                           Po takwimu
               U sedmici




                                                                                             Ikindija
                                                                                    Podne




                                                                                                         Akšam


                                                                                                                  Jacija
                                                           Zora
                                         Blagdani i
                                            drugi
                                        astronomski
                                           podaci
 1.            Sr          12.     Safer 1439.           4 59     6 40             11 39    14 10       16 37    18 11
 2.            Če          13.                           5 01       41                39       08          35       10
 3.            Pe          14.        Džuma              5 02     6 43             11 39    14 07       16 34    18 08
 4.            Su          15.                             03       44                39       06          32       07
 5.            Ne          16.                             05       46                39       05          31       06
 6.            Po          1 7.                            06       47                39       04          29       05
 7.            Ut          18.                             08       49                39       03          28       03
 8.            Sr          19.                             09       51                39       01          26       02
 9.            Če          20.                             10       52                40       00          25       01
10.            Pe          21.         Džuma             5 12     6 54             11 40    13 59       16 24    18 00
11 .           Su          22.                             13       55                40       58          23    17 59
12.            Ne          23.                             14       57                40       57          21       58
13.            Po          24.                             16       58                40       56          20       57
14.            Ut          25.                             17     7 00                40       56          19       56
15.            Sr          26.                             18       01                41       55          18       55
16.            Če          27.                             19       03                41       54          17       54
17.            Pe          28.         Džuma             5 21     7 05             11 41    13 53       16 16    17 54
18.            Su          29.                             22       06                41       52          15       53
19.            Ne          30.                             23       08                42       52          14       52
20.            Po           1.    Rebiu-1-evvel            24       09                42       51          13       51
21.            Ut           2. 1439.                       26       10                42       50          12       51
22.            Sr           3.                             27       12                42       50          11       50
23.            Če           4.                             28       13                43       49          10       50
24.            Pe           5.         Džuma             5 29     7 15             11 43    13 48       16 09    17 48
25.            Su           6.                             31       16                43       48          09       48
26.            Ne           7.                             32       18                44       47          08       48
27.            Po           8.                             33       19                44       47          07       48
28.            Ut           9.                             34       20                44       47          07       47
29.            Sr          10.                             35       22                45       46          06       47
30.            Če          11.        Mevlud               36       23                45       46          06       46
                                                  Decembar 2017
                                         Rebiul – Evvel / Rebiul - Ahir 1439 h.g.
               DAN




                                                                         Izlazak sunca
Po kalendaru


                           Po takwimu
               U sedmici




                                                                                                   Ikindija
                                                                                          Podne




                                                                                                               Akšam


                                                                                                                        Jacija
                                                              Zora
                                           Blagdani i
                                              drugi
                                          astronomski
                                             podaci

 1.            Pe          12.          Rebiu-l-evvel     5     37   7            24     11 46    13 46       16 05    17 46
 2.            Su          13.           1439. Džuma            38                25        46       45          05       46
 3.            Ne          14.                                  39                26        46       45          05       46
 4.            Po          1 5.                                 40                28        47       45          04       46
 5.            Ut          16.                                  41                28        47       45          04       45
 6.            Sr          17.                                  42                30        48       45          04       45
 7.            Če          18.                                  43                31        48       45          04       45
 8.            Pe          19.              Džuma         5     44   7            32     11 49    13 45       16 03    17 45
 9.            Su          20.                                  45                33        49       45          03       45
10.            Ne          21.                                  46                34        50       45          03       45
11.            Po          22.                                  47                35        50       45          03       46
12.            Ut          23.                                  47                36        50       45          03       46
13.            Sr          24.                                  48                37        51       45          03       46
14.            Če          25.                                  49                37        51       45          04       46
15.            Pe          26.              Džuma         5     50   7            38     11 52    13 45       16 04    17 46
16.            Su          27.                                  50                39        52       46          04       46
1 7.           Ne          28.                                  51                39        53       46          04       47
18.            Po          29.                                  51                40        53       46          05       47
19.            Ut           1.          Rebiu-l-ahir            52                41        54       47          05       47
20.            Sr           2.             1439.                52                41        54       47          06       48
21.            Če           3.                                  53                42        55       47          06       48
22.            Pe           4.              Džuma         5     53   7            42     11 55    13 48       16 07    17 49
23.            Su           5.                                  54                42        56       48          07       49
24.            Ne           6.                                  54                43        56       49          08       50
25.            Po           7.                                  54                43        57       50          08       50
26.            Ut           8.                                  55                43        57       50          09       51
27.            Sr           9.                                  55                44        58       51          10       52
28.            Če          10.                                  55                44        58       52          11       52
29.            Pe          11.              Džuma         5     55   7            44     11 59    13 53       16 11    17 53
30.            Su          12.                                  56                44        59       54          12       54
31.            Ne          13.                                  56                44        59       55          13       55
